              precision    recall  f1-score   support

           O     0.9612    0.9765    0.9688      9018
       B-LOC     0.6084    0.8447    0.7073       103
       B-ORG     0.8363    0.8155    0.8258       401
       B-PER     0.8854    0.5398    0.6707       515
       I-LOC     0.5745    0.6585    0.6136        82
       I-ORG     0.7361    0.6437    0.6868       247
       I-PER     0.6320    0.7658    0.6925       222

    accuracy                         0.9332     10588
   macro avg     0.7477    0.7492    0.7379     10588
weighted avg     0.9342    0.9332    0.9312     10588
